36.52705852959075
24.89078271308267
-20.996479730497157
48.56683811206304
-12.192997047456203
40.877754067393155
42.69798018434942
13.117749918690734
44.839100567572274
44.71266521190471
30.741148253362063
32.73950199483674
-16.480553810425267
-5.097658826175319
-6.843566474571318
29.386232379182175
47.28437025395863
19.458540167006092
35.854160424080675
41.53613905943858
12.544173782472711
44.25767805349908
30.951946975445885
5.321772147924982
28.360229541095983
-11.53824736814628
23.661106720641875
-10.670942921490052
-21.11192597351188
40.112564106308014
-7.471842094448977
-28.868456388390946
-6.671045570522978
-16.821774504409284
-16.849694950245542
14.451866447439805
1.156755568594221
46.40519980854005
16.06358126001887
-15.413506677853208
2.89428146907791
-25.14176651806033
-0.5558379757108227
-22.572877384175136
45.884836371680024
-21.74199747976907
28.40952368243248
-22.305888695275158
-26.534824867215676
-1.7949305158532454
34.1428863165565
1.017390634562556
7.72275470432092
40.22698735224034
44.636875769150464
-23.73353075360429
-6.620658448123152
21.096367176691132
41.0606806252286
8.124732855283703
15.415257390606996
24.607525505468573
45.74975967766645
22.98519225610694
-17.545652309752775
32.67274039214995
-28.887371659998422
0.6244436708058103
10.571759528436331
45.20580176859875
-25.539533970214833
29.128059060506658
-10.540275549689966
-5.66696199479469
28.669680918447384
49.75343645396508
24.358415151222026
33.166438654118686
22.426246411105737
6.828042378530824
0.8650510661617616
-5.74679832229058
-6.783950232848916
21.23019992199722
26.06399366436375
-21.427451907510815
-21.76662499121391
-29.843265070500404
27.722466286269437
-15.318230675456723
41.88791305199375
-25.179619071688908
8.58464967185703
20.6994433798382
-29.733599777810067
47.153045621104596
39.076747514409576
-25.73341786223527
-5.534286067794902
22.457782985554537
41.6977039055041
-19.234584958474716
9.395363891979258
2.1524060784442014
16.35130335431238
-15.13418299192308
40.05823869646298
-0.6521976208457936
44.523209942584984
30.378129819146167
27.744073748389
-24.204429851675584
-4.1784903951058965
-24.861207675346737
33.50373220478247
2.620343336982998
39.87987616163528
26.597693791576738
28.80954892624036
