-27.51030204491329
48.62695400741704
14.743956785602428
7.834210873082995
27.22898286726157
-6.7518831727578466
31.052452352057827
24.749373329761966
24.90431043208482
-7.726135833690336
8.406365317075384
42.125610997385664
-4.248794117397985
21.964106994431987
-20.487467715867133
36.73513105723799
-26.600206553319985
32.573931110218325
-14.9857671903451
-24.591497788996513
18.330389528861303
18.600460314033484
23.516413299983668
-28.592215422035476
-25.747654524301673
22.123330588944903
41.67472324244575
26.590142777990017
13.610214400451653
-13.383132368264377
20.220201503382285
28.70359228063368
-15.816491300474924
-10.333709225112713
-3.1210870541081874
47.8104198398631
-2.585522374888704
-12.12350329056622
29.062867973327762
36.76755875478494
-19.31608259396046
19.446203731286047
30.286753454939685
42.2752724286068
31.660950320208997
-28.79797420519317
42.663148192272104
9.593857045060822
1.6170776512637275
22.956872997804865
23.901759840498258
-18.16669285876415
-8.557229938643253
-26.773830972096164
40.63061206309726
